%% data file for case A

output_data = [ ...
 0.00000   1.00000   1.00000   1.00000   1.00000  ;
 0.05000   1.00000   1.00000   1.00000   1.00000  ;
 0.10000   1.00000   1.00000   1.00000   1.00000  ;
 0.15000   1.00000   1.00000   1.00000   1.00000  ;
 0.20000   1.00000   1.00000   1.00000   1.00000  ;
 0.25000   1.00000   1.00000   1.00000   1.00000  ;
 0.30000   1.00000   1.00000   1.00000   1.00000  ;
 0.35000   1.00000   1.00000   1.00000   1.00000  ;
 0.40000   1.00000   1.00000   1.00000   1.00000  ;
 0.45000   1.00000   1.00000   1.00000   1.00000  ;
 0.50000   1.00000   1.00000   1.00000   1.00000  ;
 0.55000   1.00000   1.00000   1.00000   1.00000  ;
 0.60000   1.00000   1.00000   1.00000   1.00000  ;
 0.65000   1.00000   1.00000   1.00000   1.00000  ;
 0.70000   1.00000   1.00000   1.00000   1.00000  ;
 0.75000   1.00000   1.00000   1.00000   1.00000  ;
 0.80000   1.00000   1.00000   1.00000   1.00000  ;
 0.85000   1.00000   1.00000   1.00000   1.00000  ;
 0.90000   1.00000   1.00000   1.00000   1.00000  ;
 0.95000   1.00000   1.00000   1.00000   1.00000  ;
 1.00000   1.00000   1.00000   1.00000   1.00000  ;
 1.00000   1.00000   1.00000   1.00000   1.00000  ;
 1.04500   1.00055   1.00144   1.00118   1.00069  ;
 1.04750   1.00058   1.00152   1.00125   1.00074  ;
 1.05000   1.00062   1.00161   1.00132   1.00079  ;
 1.05000   1.00062   1.00161   1.00132   1.00079  ;
 1.05549   1.00064   1.00162   1.00136   1.00082  ;
 1.05799   1.00065   1.00163   1.00138   1.00084  ;
 1.06124   1.00066   1.00164   1.00140   1.00086  ;
 1.06547   1.00067   1.00165   1.00142   1.00088  ;
 1.07096   1.00069   1.00166   1.00145   1.00091  ;
 1.07810   1.00071   1.00167   1.00149   1.00094  ;
 1.08738   1.00074   1.00169   1.00153   1.00098  ;
 1.09945   1.00077   1.00171   1.00158   1.00102  ;
 1.11514   1.00082   1.00173   1.00164   1.00107  ;
 1.13553   1.00087   1.00175   1.00170   1.00112  ;
 1.16204   1.00095   1.00176   1.00176   1.00117  ;
 1.19651   1.00105   1.00178   1.00183   1.00123  ;
 1.24131   1.00120   1.00178   1.00190   1.00130  ;
 1.29131   1.00137   1.00179   1.00196   1.00138  ;
 1.34131   1.00155   1.00179   1.00199   1.00145  ;
 1.39131   1.00172   1.00179   1.00201   1.00153  ;
 1.44131   1.00188   1.00181   1.00201   1.00163  ;
 1.49131   1.00203   1.00183   1.00200   1.00173  ;
 1.54131   1.00216   1.00185   1.00197   1.00185  ;
 1.59131   1.00226   1.00188   1.00194   1.00198  ;
 1.64131   1.00235   1.00191   1.00191   1.00212  ;
 1.69131   1.00241   1.00195   1.00188   1.00226  ;
 1.74131   1.00246   1.00198   1.00185   1.00239  ;
 1.79131   1.00249   1.00201   1.00183   1.00252  ;
 1.84131   1.00251   1.00203   1.00182   1.00263  ;
 1.89131   1.00252   1.00205   1.00183   1.00272  ;
 1.94131   1.00254   1.00206   1.00185   1.00278  ;
 1.99131   1.00255   1.00207   1.00188   1.00282  ;
 2.04131   1.00256   1.00208   1.00192   1.00283  ;
 2.09131   1.00257   1.00208   1.00197   1.00281  ;
 2.14131   1.00258   1.00209   1.00203   1.00277  ;
 2.19131   1.00258   1.00210   1.00209   1.00270  ;
 2.24131   1.00258   1.00212   1.00215   1.00263  ;
 2.29131   1.00256   1.00215   1.00221   1.00254  ;
 2.34131   1.00254   1.00218   1.00227   1.00245  ;
 2.39131   1.00250   1.00222   1.00233   1.00235  ;
 2.44131   1.00244   1.00227   1.00237   1.00227  ;
 2.49131   1.00238   1.00232   1.00241   1.00219  ;
 2.54131   1.00230   1.00238   1.00245   1.00212  ;
 2.59131   1.00222   1.00243   1.00248   1.00206  ;
 2.64131   1.00214   1.00248   1.00250   1.00202  ;
 2.69131   1.00206   1.00252   1.00252   1.00199  ;
 2.74131   1.00199   1.00255   1.00253   1.00196  ;
 2.79131   1.00193   1.00258   1.00254   1.00195  ;
 2.84131   1.00189   1.00259   1.00255   1.00195  ;
 2.89131   1.00187   1.00259   1.00256   1.00196  ;
 2.94131   1.00187   1.00258   1.00256   1.00197  ;
 2.99131   1.00190   1.00256   1.00257   1.00199  ;
 3.04131   1.00194   1.00254   1.00257   1.00202  ;
 3.09131   1.00200   1.00251   1.00256   1.00205  ;
 3.14131   1.00207   1.00249   1.00255   1.00210  ;
 3.19131   1.00216   1.00246   1.00254   1.00215  ;
 3.24131   1.00225   1.00243   1.00252   1.00221  ;
 3.29131   1.00234   1.00241   1.00250   1.00227  ;
 3.34131   1.00243   1.00240   1.00248   1.00235  ;
 3.39131   1.00252   1.00239   1.00245   1.00243  ;
 3.44131   1.00260   1.00238   1.00243   1.00251  ;
 3.49131   1.00267   1.00238   1.00240   1.00260  ;
 3.54131   1.00273   1.00239   1.00238   1.00269  ;
 3.59131   1.00278   1.00239   1.00236   1.00277  ;
 3.64131   1.00283   1.00240   1.00234   1.00284  ;
 3.69131   1.00286   1.00241   1.00233   1.00291  ;
 3.74131   1.00289   1.00243   1.00233   1.00296  ;
 3.79131   1.00290   1.00244   1.00233   1.00300  ;
 3.84131   1.00291   1.00245   1.00235   1.00302  ;
 3.89131   1.00292   1.00247   1.00237   1.00302  ;
 3.94131   1.00292   1.00248   1.00240   1.00301  ;
 3.99131   1.00291   1.00250   1.00243   1.00299  ;
 4.04131   1.00289   1.00252   1.00247   1.00295  ;
 4.09131   1.00287   1.00254   1.00252   1.00290  ;
 4.14131   1.00284   1.00257   1.00256   1.00285  ;
 4.19131   1.00280   1.00259   1.00261   1.00278  ;
 4.24131   1.00276   1.00262   1.00265   1.00272  ;
 4.29131   1.00271   1.00265   1.00269   1.00266  ;
 4.34131   1.00266   1.00269   1.00273   1.00259  ;
 4.39131   1.00261   1.00272   1.00276   1.00254  ;
 4.44131   1.00255   1.00275   1.00279   1.00248  ;
 4.49131   1.00250   1.00278   1.00282   1.00244  ;
 4.54131   1.00245   1.00280   1.00284   1.00240  ;
 4.59131   1.00241   1.00283   1.00285   1.00238  ;
 4.64131   1.00238   1.00284   1.00286   1.00236  ;
 4.69131   1.00236   1.00285   1.00287   1.00235  ;
 4.74131   1.00235   1.00286   1.00287   1.00235  ;
 4.79131   1.00235   1.00286   1.00287   1.00237  ;
 4.84131   1.00237   1.00285   1.00287   1.00238  ;
 4.89131   1.00240   1.00284   1.00286   1.00241  ;
 4.94131   1.00244   1.00283   1.00285   1.00245  ;
 4.99131   1.00249   1.00281   1.00284   1.00249  ;
 5.04131   1.00254   1.00280   1.00283   1.00254  ;
 5.09131   1.00261   1.00278   1.00281   1.00259  ;
 5.14131   1.00267   1.00276   1.00280   1.00266  ;
 5.19131   1.00274   1.00275   1.00278   1.00272  ;
 5.24131   1.00281   1.00274   1.00276   1.00278  ;
 5.29131   1.00287   1.00273   1.00275   1.00285  ;
 5.34131   1.00293   1.00272   1.00273   1.00292  ;
 5.39131   1.00299   1.00272   1.00272   1.00298  ;
 5.44131   1.00303   1.00272   1.00270   1.00304  ;
 5.49131   1.00308   1.00273   1.00270   1.00309  ;
 5.54131   1.00311   1.00273   1.00269   1.00314  ;
 5.59131   1.00314   1.00274   1.00269   1.00317  ;
 5.64131   1.00315   1.00275   1.00270   1.00320  ;
 5.69131   1.00316   1.00277   1.00271   1.00321  ;
 5.74131   1.00317   1.00278   1.00272   1.00321  ;
 5.79131   1.00316   1.00280   1.00274   1.00321  ;
 5.84131   1.00315   1.00282   1.00277   1.00319  ;
 5.89131   1.00313   1.00284   1.00280   1.00316  ;
 5.94131   1.00311   1.00286   1.00283   1.00313  ;
 5.99131   1.00308   1.00288   1.00286   1.00309  ;
 6.04131   1.00305   1.00291   1.00290   1.00305  ;
 6.09131   1.00301   1.00293   1.00293   1.00300  ;
 6.14131   1.00297   1.00296   1.00297   1.00295  ;
 6.19131   1.00293   1.00298   1.00300   1.00290  ;
 6.24131   1.00289   1.00300   1.00303   1.00286  ;
 6.29131   1.00285   1.00302   1.00305   1.00281  ;
 6.34131   1.00281   1.00304   1.00308   1.00278  ;
 6.39131   1.00278   1.00306   1.00309   1.00275  ;
 6.44131   1.00275   1.00308   1.00311   1.00272  ;
 6.49131   1.00273   1.00309   1.00312   1.00271  ;
 6.54131   1.00272   1.00309   1.00312   1.00270  ;
 6.59131   1.00272   1.00310   1.00313   1.00270  ;
 6.64131   1.00272   1.00310   1.00313   1.00271  ;
 6.69131   1.00273   1.00310   1.00312   1.00273  ;
 6.74131   1.00276   1.00309   1.00311   1.00275  ;
 6.79131   1.00279   1.00308   1.00311   1.00278  ;
 6.84131   1.00282   1.00307   1.00309   1.00282  ;
 6.89131   1.00287   1.00306   1.00308   1.00286  ;
